0.746
0.774
0.741
0.770
0.755
0.801
0.674
0.758
0.638
0.770
0.742
0.775
0.737
0.718
0.781
0.697
0.642
0.739
0.745
0.666
0.671
0.659
0.747
0.670
0.661
0.697
0.754
0.588
0.659
0.666
0.661
0.745
0.733
0.635
0.735
0.668
0.731
0.679
0.591
0.655
0.739
0.711
0.714
0.681
0.701
0.686
0.611
0.496
0.644
0.744
0.757
0.647
0.755
0.636
0.750
0.779
0.631
0.565
0.755
0.587
0.741
0.425
0.460
0.590
0.557
0.600
0.617
0.389
0.664
0.695
0.586
0.654
0.726
0.500
0.633
0.653
0.592
0.578
0.617
0.513
0.594
0.673
0.418
0.633
0.547
0.583
0.689
0.442
0.610
0.583
0.575
0.586
0.589
0.612
0.456
0.512
0.590
0.498
0.632
0.304
0.580
